7.701706666666667616e+02 2.149999999999999967e-01
7.703653333333332967e+02 2.260000000000000064e-01
7.704626666666666779e+02 2.359999999999999876e-01
7.705986666666666451e+02 2.439999999999999947e-01
7.707346666666667261e+02 2.389999999999999902e-01
7.708319999999999936e+02 2.330000000000000127e-01
7.709879999999999427e+02 2.310000000000000109e-01
7.711039999999999281e+02 2.399999999999999911e-01
7.712600000000001046e+02 2.429999999999999938e-01
7.713573333333333721e+02 2.459999999999999964e-01
7.715133333333333212e+02 2.479999999999999982e-01
7.717079999999999700e+02 2.459999999999999964e-01
7.718253333333333330e+02 2.520000000000000018e-01
7.718826666666667506e+02 2.610000000000000098e-01
7.720000000000000000e+02 2.620000000000000107e-01
7.721173333333332494e+02 2.570000000000000062e-01
7.722719999999999345e+02 2.540000000000000036e-01
7.723693333333334294e+02 2.580000000000000071e-01
7.725066666666666606e+02 2.630000000000000115e-01
7.726039999999999281e+02 2.680000000000000160e-01
7.727399999999998954e+02 2.710000000000000187e-01
7.728373333333333903e+02 2.760000000000000231e-01
7.728960000000000719e+02 2.839999999999999747e-01
7.729933333333333394e+02 2.919999999999999818e-01
7.731293333333333067e+02 2.969999999999999862e-01
7.732266666666665742e+02 3.059999999999999942e-01
7.733626666666667688e+02 3.130000000000000004e-01
7.734986666666667361e+02 3.200000000000000067e-01
7.736159999999999854e+02 3.270000000000000129e-01
7.737133333333332530e+02 3.320000000000000173e-01
7.737706666666666706e+02 3.400000000000000244e-01
7.738880000000000337e+02 3.489999999999999769e-01
7.739653333333334331e+02 3.579999999999999849e-01
7.740439999999999827e+02 3.669999999999999929e-01
7.741026666666666642e+02 3.750000000000000000e-01
7.741799999999999500e+02 3.830000000000000071e-01
7.742973333333333130e+02 3.890000000000000124e-01
7.743946666666666943e+02 3.980000000000000204e-01
7.744333333333333940e+02 4.089999999999999747e-01
7.745106666666666797e+02 4.189999999999999836e-01
7.745493333333333794e+02 4.279999999999999916e-01
7.746280000000000427e+02 4.380000000000000004e-01
7.747253333333333103e+02 4.460000000000000075e-01
7.748226666666665778e+02 4.570000000000000173e-01
7.748613333333332776e+02 4.670000000000000262e-01
7.748999999999999773e+02 4.769999999999999796e-01
7.749786666666667543e+02 4.919999999999999929e-01
7.750560000000000400e+02 5.030000000000000027e-01
7.750946666666667397e+02 5.140000000000000124e-01
7.751920000000000073e+02 5.250000000000000222e-01
7.752706666666666706e+02 5.380000000000000338e-01
7.752893333333332748e+02 5.510000000000000453e-01
7.753866666666666561e+02 5.649999999999999467e-01
7.754653333333334331e+02 5.779999999999999583e-01
7.755626666666667006e+02 5.909999999999999698e-01
7.756200000000000045e+02 6.019999999999999796e-01
7.756786666666666861e+02 6.149999999999999911e-01
7.757573333333333494e+02 6.260000000000000009e-01
7.758733333333333348e+02 6.390000000000000124e-01
7.759319999999999027e+02 6.510000000000000231e-01
7.759706666666666024e+02 6.630000000000000338e-01
7.759906666666666979e+02 6.730000000000000426e-01
7.760293333333333976e+02 6.850000000000000533e-01
7.760680000000000973e+02 6.949999999999999512e-01
7.761066666666666833e+02 7.069999999999999618e-01
7.761266666666666652e+02 7.199999999999999734e-01
7.762040000000000646e+02 7.339999999999999858e-01
7.762240000000000464e+02 7.479999999999999982e-01
7.762826666666666142e+02 7.610000000000000098e-01
7.763986666666665997e+02 7.760000000000000231e-01
7.764959999999999809e+02 7.870000000000000329e-01
7.766133333333333439e+02 7.980000000000000426e-01
7.766520000000000437e+02 8.070000000000000506e-01
7.766520000000000437e+02 8.169999999999999485e-01
7.766906666666667434e+02 8.269999999999999574e-01
7.767293333333333294e+02 8.369999999999999662e-01
7.768079999999999927e+02 8.439999999999999725e-01
7.769053333333332603e+02 8.499999999999999778e-01
7.770413333333332275e+02 8.509999999999999787e-01
7.771000000000000227e+02 8.419999999999999707e-01
7.771386666666667224e+02 8.329999999999999627e-01
7.771973333333334040e+02 8.239999999999999547e-01
7.772359999999999900e+02 8.120000000000000551e-01
7.772946666666666715e+02 8.020000000000000462e-01
7.773333333333333712e+02 7.890000000000000346e-01
7.773533333333333530e+02 7.770000000000000240e-01
7.773919999999999391e+02 7.670000000000000151e-01
7.774306666666666388e+02 7.560000000000000053e-01
7.774506666666666206e+02 7.459999999999999964e-01
7.774506666666666206e+02 7.379999999999999893e-01
7.774693333333333385e+02 7.289999999999999813e-01
7.774893333333333203e+02 7.209999999999999742e-01
7.774893333333333203e+02 7.129999999999999671e-01
7.775079999999999245e+02 7.029999999999999583e-01
7.775279999999999063e+02 6.929999999999999494e-01
7.775479999999998881e+02 6.850000000000000533e-01
7.775479999999998881e+02 6.770000000000000462e-01
7.775666666666666060e+02 6.690000000000000391e-01
7.775866666666667015e+02 6.590000000000000302e-01
7.776053333333333057e+02 6.490000000000000213e-01
7.776453333333333831e+02 6.410000000000000142e-01
7.776640000000001010e+02 6.330000000000000071e-01
7.776840000000000828e+02 6.199999999999999956e-01
7.777026666666666870e+02 6.079999999999999849e-01
7.777426666666666506e+02 5.979999999999999760e-01
7.777613333333333685e+02 5.909999999999999698e-01
7.777813333333333503e+02 5.799999999999999600e-01
7.778000000000000682e+02 5.649999999999999467e-01
7.778200000000000500e+02 5.540000000000000480e-01
7.778400000000000318e+02 5.410000000000000364e-01
7.778586666666666360e+02 5.210000000000000187e-01
7.778973333333333358e+02 4.989999999999999991e-01
7.779759999999999991e+02 4.769999999999999796e-01
7.780346666666665669e+02 4.600000000000000200e-01
7.780919999999999845e+02 4.420000000000000040e-01
7.781320000000000618e+02 4.269999999999999907e-01
7.782093333333333476e+02 4.139999999999999791e-01
7.782480000000000473e+02 3.970000000000000195e-01
7.783266666666667106e+02 3.800000000000000044e-01
7.783840000000000146e+02 3.639999999999999902e-01
7.784626666666666779e+02 3.539999999999999813e-01
7.785599999999999454e+02 3.410000000000000253e-01
7.786373333333332312e+02 3.290000000000000147e-01
7.787733333333334258e+02 3.200000000000000067e-01
7.788120000000000118e+02 3.089999999999999969e-01
7.789493333333333567e+02 2.999999999999999889e-01
7.791239999999999100e+02 2.919999999999999818e-01
7.792213333333334049e+02 2.849999999999999756e-01
7.793960000000000719e+02 2.760000000000000231e-01
7.795333333333333030e+02 2.670000000000000151e-01
7.796693333333332703e+02 2.610000000000000098e-01
7.798440000000000509e+02 2.560000000000000053e-01
7.799613333333333003e+02 2.500000000000000000e-01
